1 2240.909 9.000 -2231.909
1 2248.429 9.000 -2239.429
1 1753.429 7.000 -1746.429
1 1748.500 7.000 -1741.500
1 1749.500 7.000 -1742.500
1 7941.875 27.898 -7913.977
1 7631.167 27.041 -7604.126
1 7808.750 28.714 -7780.036
1 7829.667 31.265 -7798.401
1 13699.750 45.286 -13654.464
1 14035.556 46.286 -13989.270
1 6289.400 23.000 -6266.400
1 3130.357 12.143 -3118.214
1 5817.000 35.633 -5781.367
1 5815.667 21.122 -5794.544
1 1757.400 7.000 -1750.400
1 3528.800 14.000 -3514.800
1 3531.000 13.878 -3517.122
1 3658.250 14.000 -3644.250
1 8.863 9.000 0.137
1 8.854 9.000 0.146
1 6.857 7.000 0.143
1 6.826 7.000 0.174
1 6.872 7.000 0.128
1 6.787 7.000 0.213
1 6.805 7.000 0.195
1 13.761 14.000 0.239
1 29.795 27.000 -2.795
1 30.293 27.980 -2.313
1 59.843 51.653 -8.190
1 71.019 56.224 -14.794
1 47.324 43.306 -4.018
1 30.526 28.837 -1.690
1 30.740 29.143 -1.597
1 24.948 24.082 -0.867
1 30.992 29.939 -1.053
1 24.538 23.102 -1.436
1 24.511 23.102 -1.409
1 22.723 35.633 12.910
1 23.051 25.102 2.051
1 22.564 21.000 -1.564
1 34.750 35.878 1.128
1 22.786 23.143 0.357
1 59.793 46.531 -13.263
1 24.033 23.143 -0.890
1 37.108 33.980 -3.129
1 30.674 28.571 -2.103
1 8.779 9.000 0.221
1 8.781 9.000 0.219
1 6.864 7.000 0.136
1 6.847 7.000 0.153
1 6.770 7.000 0.230
1 67.158 54.347 -12.811
1 53.923 45.469 -8.454
1 54.250 45.714 -8.536
1 43.748 38.163 -5.585
